mu:	1.86596
s_0:	0.0532746	c_0:	1170.66
s_1:	0.0171924	c_1:	15014
s_2:	0.00906062	c_2:	16274.6
