mu:	1.86576
s_0:	0.0477445	c_0:	861.504
s_1:	0.0185013	c_1:	16630.3
s_2:	0.00977745	c_2:	33658.4
