mu:	1.86581
s_0:	0.056244	c_0:	200.2
s_1:	0.0181796	c_1:	3443.78
s_2:	0.00955458	c_2:	4579.08
