mu:	1.86596
s_0:	0.0595584	c_0:	28.7967
s_1:	0.0176636	c_1:	480.967
s_2:	0.00977899	c_2:	960.557
