mu:	1.86593
s_0:	0.0595225	c_0:	0.333868
s_1:	0.0129039	c_1:	3596.71
s_2:	0.0420466	c_2:	346.046
