mu:	1.86604
s_0:	0.0595043	c_0:	33.8646
s_1:	0.0215868	c_1:	1027.6
s_2:	0.0101501	c_2:	2209.54
