mu:	1.8653
s_0:	0.0500752	c_0:	846.34
s_1:	0.0168198	c_1:	8791.21
s_2:	0.009574	c_2:	12320
