mu:	1.86541
s_0:	0.0526473	c_0:	556.575
s_1:	0.0158142	c_1:	6871.47
s_2:	0.00893431	c_2:	6405.94
