mu:	1.86602
s_0:	0.0533193	c_0:	520.115
s_1:	0.0175312	c_1:	6252.62
s_2:	0.0095669	c_2:	12313.9
