mu:	1.86596
s_0:	0.00872519	c_0:	5101.51
s_1:	0.0160236	c_1:	4901.86
s_2:	0.0484186	c_2:	333.963
