mu:	1.86567
s_0:	0.0205619	c_0:	3439.33
s_1:	0.0111016	c_1:	6982.26
s_2:	0.00660075	c_2:	2092.29
