mu:	1.86609
s_0:	0.0530036	c_0:	141.274
s_1:	0.00948672	c_1:	2925.5
s_2:	0.0170074	c_2:	1724.92
