mu:	1.86691
s_0:	0.0564054	c_0:	9.54363
s_1:	0.0114445	c_1:	212.38
s_2:	0.0253759	c_2:	60.0472
