mu:	1.86588
s_0:	0.0285663	c_0:	191.882
s_1:	0.0130627	c_1:	1341.67
s_2:	0.00562756	c_2:	208.33
