mu:	1.86536
s_0:	0.0531521	c_0:	92.003
s_1:	0.0196563	c_1:	867.012
s_2:	0.0103997	c_2:	2407.94
