mu:	1.86596
s_0:	0.0531301	c_0:	1625.96
s_1:	0.0177221	c_1:	23933.1
s_2:	0.00931497	c_2:	28663.4
