mu:	1.8651
s_0:	0.0465355	c_0:	43.4357
s_1:	0.0175768	c_1:	425.753
s_2:	0.00929321	c_2:	529.837
