mu:	1.86594
s_0:	0.0205715	c_0:	1235.93
s_1:	0.0104514	c_1:	3976.93
s_2:	0.00691084	c_2:	85.169
