mu:	1.86547
s_0:	0.0211034	c_0:	2059.34
s_1:	0.0112042	c_1:	9053.61
s_2:	0.00696728	c_2:	21.2991
