mu:	1.86557
s_0:	0.047726	c_0:	234.992
s_1:	0.00923086	c_1:	3197.07
s_2:	0.015852	c_2:	2378.83
