mu:	1.86577
s_0:	0.04389	c_0:	188.431
s_1:	0.0179586	c_1:	3472.87
s_2:	0.0100389	c_2:	8287.42
