mu:	1.86412
s_0:	0.0337104	c_0:	56.7832
s_1:	0.0103473	c_1:	661.184
s_2:	0.0168116	c_2:	309.069
