mu:	1.86514
s_0:	0.0344277	c_0:	155.648
s_1:	0.0154599	c_1:	1829.73
s_2:	0.00868337	c_2:	1477.06
