mu:	1.8657
s_0:	0.0503982	c_0:	1336.19
s_1:	0.0167073	c_1:	15507.7
s_2:	0.00947584	c_2:	21545.2
