mu:	1.86557
s_0:	0.0352095	c_0:	360.392
s_1:	0.00839728	c_1:	2786.63
s_2:	0.0148468	c_2:	3338.98
