mu:	1.86581
s_0:	0.0516693	c_0:	8291.88
s_1:	0.0093788	c_1:	173884
s_2:	0.017234	c_2:	110930
