mu:	1.86577
s_0:	0.0542696	c_0:	1098.11
s_1:	0.0174613	c_1:	14324.8
s_2:	0.00934127	c_2:	27365
