mu:	1.86579
s_0:	0.050846	c_0:	272.696
s_1:	0.017261	c_1:	2835.3
s_2:	0.00980259	c_2:	3076
