mu:	1.86584
s_0:	0.0528091	c_0:	5703.11
s_1:	0.0092391	c_1:	104635
s_2:	0.0168778	c_2:	72010.6
