mu:	1.86587
s_0:	0.00913137	c_0:	44887.2
s_1:	0.0168502	c_1:	26465.2
s_2:	0.0507162	c_2:	1832.2
