mu:	1.86518
s_0:	0.0340876	c_0:	306.429
s_1:	0.00937012	c_1:	1855.33
s_2:	0.0153126	c_2:	1568.11
