mu:	1.86602
s_0:	0.0535114	c_0:	745.793
s_1:	0.0177236	c_1:	9804.69
s_2:	0.00964539	c_2:	20085.3
