mu:	1.86605
s_0:	0.0475537	c_0:	218.024
s_1:	0.0177672	c_1:	4812.68
s_2:	0.00941992	c_2:	5240.09
