mu:	1.86577
s_0:	0.00937608	c_0:	42596.7
s_1:	0.0172725	c_1:	24279.6
s_2:	0.0519826	c_2:	1658.97
