mu:	1.86589
s_0:	0.059558	c_0:	21.2699
s_1:	0.0112782	c_1:	674.039
s_2:	0.0190312	c_2:	264.828
