mu:	1.86597
s_0:	0.0312413	c_0:	333.617
s_1:	0.0128086	c_1:	2365.98
s_2:	0.00694489	c_2:	1013.89
