mu:	1.86593
s_0:	0.0513767	c_0:	1265.46
s_1:	0.0163773	c_1:	17626.1
s_2:	0.00902586	c_2:	26997.7
