mu:	1.86566
s_0:	0.0416187	c_0:	480.925
s_1:	0.0180325	c_1:	5137.07
s_2:	0.00974768	c_2:	9351.13
