mu:	1.86579
s_0:	0.0518582	c_0:	1242.25
s_1:	0.0174514	c_1:	16316.9
s_2:	0.00948271	c_2:	27081.2
