mu:	1.86574
s_0:	0.0534323	c_0:	856.746
s_1:	0.016853	c_1:	9726.78
s_2:	0.0096147	c_2:	13767.4
