prompt_counts:	2242
nprmpt_counts:	1142
sgnl_counts:	31042
bkgd_counts:	12351
mu:	11.0859
c[0]:	0.133487	s[0]:	10.3991
c[1]:	0.866513	s[1]:	17.2732
s_eff:	16.5218
m_min:	-71.5233
m_max:	93.6951
d[0]:	0.986303
d[1]:	0.794665
d[2]:	0.567241
