mu:	1.35292
sigma_0:	2.69542	c_0:	151.413
sigma_1:	0.927191	c_1:	71.582
